n03877845_1012.JPEG(1.84427 0.1872 19.6272 0.710933 20.7317 0.421867 54.328 0.150933 0.914667 0.00906667 1.05333 0.0208 )
n03877845_1013.JPEG(66.451 8.0167 9.88308 2.66957 2.79158 0.0232389 9.31445 0.0174292 0.635439 0.00217865 0.18809 0.00726216 )
n03877845_106.JPEG(13.0358 0.2425 4.94333 0.0766667 3.08667 0.045 67.6783 10.8 0.0341667 0 0.05 0.0075 )
n03877845_1090.JPEG(29.288 11.7552 3.69973 0.743467 1.98347 0.2048 43.1835 0.467733 3.82187 0.458667 3.04533 1.34827 )
n03877845_1144.JPEG(48.6614 1.22354 9.45957 1.00394 2.44773 0.00460224 36.0434 0.000657462 0.39119 0 0.757396 0.00657462 )
n03877845_1146.JPEG(42.8765 39.7786 1.50107 0.0433155 12.6043 0.0112299 0.471658 0.00374332 0.391979 0.0026738 1.90107 0.413904 )
n03877845_1180.JPEG(1.51538 33.511 1.04066 28.7879 10.2434 0.00494505 24.8132 0.0104396 0.0285714 0.0115385 0.0214286 0.0115385 )
n03877845_1184.JPEG(24.1427 33.5391 0.0744115 0.58694 0.395596 0.116173 26.4723 1.23994 4.89218 1.00911 0.955961 6.57555 )
n03877845_1193.JPEG(38.0891 18.2795 4.60267 2.19787 1.78347 0.533333 26.848 2.5824 2.544 0.463467 1.5216 0.554667 )
n03877845_1202.JPEG(45.7792 7.2096 4.36907 8.0272 2.06773 0.413867 4.89013 0.319467 9.38507 0.4208 12.6816 4.43627 )
n03877845_1203.JPEG(10.8385 0.617037 7.5163 5.85778 5.1163 0.8 27.6956 36.203 2.87704 0.362963 1.87926 0.236296 )
n03877845_1246.JPEG(32.3748 4.85144 4.29435 18.7818 0.596703 0.140775 2.32315 35.7605 0.512521 0.0215761 0.334253 0.00813526 )
n03877845_1274.JPEG(18.5391 25.2866 4.35045 12.917 2.15881 1.00119 12.1749 0.0292537 21.3361 0.0143284 1.69552 0.496716 )
n03877845_1278.JPEG(14.8219 84.3083 0.256533 0.00213333 0.120533 0 0.0405333 0.00106667 0.0864 0.00106667 0.218133 0.143467 )
n03877845_1334.JPEG(37.7536 2.47082 6.16162 1.45819 2.83838 0.57716 11.2536 33.5036 2.15769 0.518519 1.01824 0.28844 )
n03877845_1338.JPEG(13.5619 2.75926 0.234815 0.000740741 0.16 0.00037037 39.3537 0.00148148 33.4093 0.00037037 10.4178 0.10037 )
n03877845_1357.JPEG(23.0931 55.5681 9.80798 10.4117 0.239894 0.162234 0.0494681 0.217021 0.0218085 0.150532 0.0558511 0.22234 )
n03877845_1391.JPEG(8.83137 0.251892 0.609336 0 0.957527 0.0609756 6.81245 54.0294 13.0757 1.87931 13.1102 0.381833 )
n03877845_1405.JPEG(20.9902 2.97359 0.387775 0.296333 0.418582 0.0689487 6.08753 25.4807 15.399 1.2665 23.6142 3.01663 )
n03877845_1425.JPEG(50.4042 6.89791 8.57313 8.75881 7.0191 3.94448 8.79642 2.09313 1.53373 0.417313 1.36418 0.197612 )
n03877845_1458.JPEG(58.8947 8.02572 8.76432 1.63574 2.70133 0.109375 12.5731 6.55811 0.249837 0.0398763 0.366536 0.0813802 )
n03877845_1470.JPEG(0.159467 0.0186667 0.0266667 0.00906667 0.0592 0.00426667 38.6069 1.3024 53.0667 4.77973 1.80853 0.1584 )
n03877845_1475.JPEG(42.4413 0.936254 3.27924 1.01318 2.78842 0.0174205 15.6358 3.95012 14.1342 0.0273387 15.6775 0.0991821 )
n03877845_1479.JPEG(42.5762 7.87321 5.54405 1.02024 1.67083 0.172619 21.4827 17.925 0.564286 0.232143 0.780357 0.158333 )
n03877845_1510.JPEG(18.4067 0.125833 2.31833 0.005 10.9092 0.0366667 63.5008 0.184167 0.830833 0.000833333 3.6525 0.0291667 )
n03877845_1527.JPEG(28.0329 9.44882 3.82882 1.82176 1.73 0.0152941 9.62 37.1559 3.83176 0.404706 3.88941 0.220588 )
n03877845_1543.JPEG(12.9622 79.8744 0.345122 1.43293 0.170732 0.214634 0.115854 0.457317 0.129268 0.42439 0.42561 3.44756 )
n03877845_1578.JPEG(46.9127 11.0707 11.2058 11.0915 1.63202 0.14553 17.0374 0.592516 0.04158 0 0.27027 0 )
n03877845_1587.JPEG(31.0688 11.6171 3.21333 0.318933 1.43787 0.301867 26.8491 9.82773 6.728 1.9184 5.3936 1.32533 )
n03877845_1590.JPEG(19.2977 2.6952 19.2647 28.6123 7.26145 0.030807 21.521 0.087241 0.688659 0.101963 0.433206 0.00572519 )
n03877845_1638.JPEG(18.9283 3.16353 7.75258 2.98723 3.29909 1.3617 5.36292 56.2906 0.190881 0.157447 0.318541 0.187234 )
n03877845_1645.JPEG(40.8781 24.2438 1.76276 2.06366 0.321321 0.0432432 5.96577 0.0666667 8.68288 0.0702703 15.7628 0.138739 )
n03877845_1647.JPEG(30.7982 8.27643 4.93638 1.84027 2.50938 0.0297483 37.54 0.702059 2.87643 0.12357 4.43707 5.93043 )
n03877845_1681.JPEG(43.9216 7.91627 15.5813 3.23627 3.9936 0.535467 20.7648 0.557333 1.42933 0.142933 1.61707 0.304 )
n03877845_1688.JPEG(3.16 0.00333333 2.48167 0.05 10.4392 0.09 79.695 1.62 2.12667 0.129167 0.180833 0.0241667 )
n03877845_1702.JPEG(31.3472 4.73653 6.38507 0.462933 2.3664 0.3056 51.2517 0.833067 1.43893 0.154667 0.5664 0.151467 )
n03877845_1733.JPEG(10.2572 21.1698 2.73046 15.5612 2.49785 1.53292 30.1458 5.88985 4.30708 2.51877 2.46892 0.92 )
n03877845_1743.JPEG(38.2405 50.39 1.4845 0.787 1.3935 0.465 1.065 1.015 0.659 0.429 0.9975 3.074 )
n03877845_1745.JPEG(18.8495 1.47181 10.5596 0.271809 3.01277 0.143085 47.4457 2.75691 11.3218 0.740957 2.90319 0.522872 )
n03877845_1748.JPEG(32.0769 8.95856 7.75495 6.96096 3.07808 0.493694 37.8955 0.711712 0.568769 0.213814 0.772372 0.514715 )
n03877845_1750.JPEG(23.5729 2.34337 10.3819 0.615663 6.04458 0.598193 46.8958 8.1488 0.757229 0.0180723 0.596988 0.026506 )
n03877845_1753.JPEG(8.71755 85.1957 0.825 1.65532 0.286702 0.27234 0.26383 0.228191 0.126064 0.210106 0.50266 1.71649 )
n03877845_1761.JPEG(58.1659 0.856 12.7947 3.92533 3.84693 0.0181333 19.8629 0.000533333 0.1872 0 0.340267 0.00213333 )
n03877845_1772.JPEG(35.7785 34.3761 0.992239 0.321194 0.381493 0.147463 23.8991 0.577313 0.565373 0.28 1.31761 1.36358 )
n03877845_1777.JPEG(31.0805 9.696 7.05067 0.888 6.29867 0.475733 26.8976 0.892267 5.7024 0.547733 9.51413 0.956267 )
n03877845_1792.JPEG(17.3925 1.02187 4.02987 0.0197333 5.00907 0.0250667 21.4421 1.01013 14.6816 1.1056 33.8688 0.3936 )
n03877845_1793.JPEG(23.7206 7.8087 15.4284 4.98261 10.0539 2.32986 28.3548 5.07768 0.913623 0.281739 0.797101 0.251014 )
n03877845_1804.JPEG(75.6935 0.930532 6.17867 0.251643 3.85424 0.000635783 6.99641 0.00165304 3.361 0.000127157 2.72776 0.0038147 )
n03877845_1808.JPEG(34.8865 59.8216 0.909309 0.277477 0.138739 0.0168168 2.64324 0.0516517 0.230631 0.0558559 0.563964 0.404204 )
n03877845_1813.JPEG(7.25285 24.9604 0.172973 0.301502 0.228829 0.133934 9.26246 50.7357 4.84204 0.815015 0.881081 0.413213 )
n03877845_1817.JPEG(23.4709 6.61982 11.3333 2.04444 14.4144 1.03664 12.2294 26.7333 0.414414 0.66967 0.636036 0.397598 )
n03877845_1819.JPEG(13.6781 28.4144 3.16817 0.52973 6.13033 2.57718 11.2859 10.639 3.97477 1.6048 10.1273 7.87027 )
n03877845_1820.JPEG(53.9611 14.0859 3.07947 1.17067 3.4256 0.608533 4.30293 1.73867 5.37813 1.1632 8.85333 2.23253 )
n03877845_1843.JPEG(19.1666 0.971042 6.76729 0.347187 38.118 0.30776 23.2251 0.804948 4.34854 0.140365 5.45589 0.347396 )
n03877845_1851.JPEG(33.8893 1.20578 8.78167 0.0414313 3.79561 0.00778406 41.65 3.16836 3.06089 0.0271186 3.98242 0.389705 )
n03877845_1870.JPEG(39.2648 54.1731 0.476171 0.464358 0.107536 0.0175153 0.225255 0.0167006 0.39389 0.01222 3.93971 0.908758 )
n03877845_1871.JPEG(88.1444 3.38861 2.74295 0.150024 2.25522 0.105078 1.81365 0.0747085 0.39966 0.0467687 0.769558 0.109329 )
n03877845_1872.JPEG(26.1303 0.078988 26.952 0.637799 5.68183 0.0335994 5.16664 0.0117893 31.4803 0.00176839 3.82443 0.000589463 )
n03877845_1900.JPEG(27.6923 1.27627 5.7088 0.000533333 3.96533 0.00106667 51.2645 0.0128 4.74667 0.000533333 5.19307 0.138133 )
n03877845_1912.JPEG(54.1616 6.8752 3.1216 0.745067 1.59947 0.107733 29.7211 0.4608 1.93067 0.2096 0.870933 0.196267 )
n03877845_1937.JPEG(33.3338 39.5851 0.201538 0.258974 0.415897 0.00820513 1.93385 4.07026 13.9364 0.148718 5.70462 0.402564 )
n03877845_1948.JPEG(19.4059 75.0512 0.923733 0.0176 0.6208 0.00106667 1.51467 0.00213333 0.653333 0.0032 1.59467 0.211733 )
n03877845_1978.JPEG(38.7132 41.0503 9.85912 6.51321 2.11195 0.0402516 1.13333 0.045283 0.163522 0.0415094 0.285535 0.0427673 )
n03877845_1989.JPEG(39.6033 15.5036 6.08544 2.14749 8.88258 0.307399 23.3943 0.284964 2.42196 0.193317 0.608115 0.567542 )
n03877845_1993.JPEG(56.1085 0.0525755 23.9088 0.0101835 11.2703 0.00165779 7.21824 0.00639432 0.663351 0.00142096 0.746004 0.0125518 )
n03877845_2014.JPEG(38.3087 5.53694 22.4577 1.74535 15.5622 13.6012 0.276877 1.50631 0.141141 0.442643 0.188589 0.232432 )
n03877845_202.JPEG(21.0763 0.536336 9.7994 2.35796 2.06126 0.136937 1.5976 62.3351 0.0366366 0.0024024 0.0582583 0.0018018 )
n03877845_2025.JPEG(18.1749 16.6725 2.89102 12.1371 3.26946 0.327545 14.5192 22.3587 4.37425 0.328144 4.45629 0.491018 )
n03877845_2028.JPEG(12.7726 26.6649 7.60146 3.69045 2.11755 0.277373 25.6231 1.34225 13.2718 1.82376 4.53899 0.27569 )
n03877845_2041.JPEG(44.5115 1.19896 2.05345 0.668894 0.905716 0.0363771 16.7045 14.435 8.65924 0.951002 9.22791 0.647365 )
n03877845_2050.JPEG(15.0925 28.1886 6.32192 0.616216 12.0372 0.156156 34.3502 1.20961 0.362763 0.254655 0.692492 0.717718 )
n03877845_2075.JPEG(30.3269 21.7832 5.02814 0.273653 0.952695 0.0191617 3.56886 0.735329 24.8958 9.6521 2.41138 0.352695 )
n03877845_2076.JPEG(33.0277 6.0144 5.81067 7.60853 4.69387 0.056 28.3936 0.101867 7.21707 0.0736 6.60053 0.402133 )
n03877845_2087.JPEG(41.2085 5.68853 1.6592 0.170667 1.33493 0.0565333 42.5872 0.1168 2.0816 0.0693333 4.12053 0.906133 )
n03877845_2095.JPEG(56.0038 31.1349 2.47317 2.26652 0.752284 0.634456 0.949872 2.0357 0.410282 0.951685 1.38251 1.00486 )
n03877845_2096.JPEG(51.4944 1.8656 5.19253 3.7008 0.6528 0.0154667 30.8848 0.1872 2.15787 0.0992 3.56587 0.183467 )
n03877845_2122.JPEG(41.8025 1.25917 11.415 0.96 4.82167 0.223333 36.0767 0.095 1.38667 0.00333333 1.7275 0.229167 )
n03877845_2167.JPEG(37.8721 0.238361 9.18312 6.28616 1.12911 0.000620732 34.7647 0.072005 6.20484 0.0428305 4.19553 0.0105525 )
n03877845_2192.JPEG(63.2492 33.7736 0.837237 1.05826 0.141742 0.0138138 0.0924925 0.0678679 0.157958 0.0792793 0.326126 0.202402 )
n03877845_2196.JPEG(30.1776 0.427733 10.4405 2.55307 6.92213 1.14667 37.8592 1.65387 3.8032 0.509333 3.95947 0.5472 )
n03877845_2198.JPEG(68.1691 2.22913 0.527919 0.0359828 3.49213 0 13.7547 0.0012851 1.84874 0.00025702 9.92842 0.012337 )
n03877845_22.JPEG(16.9285 5.44267 8.55733 32.5952 5.568 0.48 24.4539 0.2112 1.55573 0.292267 1.63413 2.28107 )
n03877845_2204.JPEG(24.6054 13.9401 7.34012 2.01976 4.62934 0.592216 35.0198 3.09281 2.7006 1.46527 3.09341 1.5012 )
n03877845_2209.JPEG(30.4069 1.37813 20.2373 6.3408 4.7984 0.096 27.5003 1.72533 1.81493 0.306667 4.43467 0.960533 )
n03877845_2216.JPEG(29.5765 18.2197 3.80907 2.8624 4.50347 1.912 8.83253 5.13013 5.17707 4.93227 11.2469 3.79787 )
n03877845_2227.JPEG(53.2181 1.0576 8.37387 1.04107 8.78133 0.1168 24.5867 0.283733 1.10933 0.1664 1.19093 0.0741333 )
n03877845_2247.JPEG(10.8576 0.204267 6.26507 2.53973 3.3696 0.0165333 35.9211 34.6331 4.18507 0.0373333 1.9584 0.0122667 )
n03877845_2248.JPEG(29.7627 18.4149 9.2944 8.58453 2.99147 0.0522667 24.7888 0.250667 0.964267 0.0048 4.888 0.0032 )
n03877845_2254.JPEG(28.0576 1.71573 12.8848 5.10027 3.08053 0.176533 15.5637 22.1179 6.15627 0.112533 3.4736 1.56053 )
n03877845_2255.JPEG(41.3051 25.8559 1.58438 0.50991 0.696096 0.162763 3.28589 24.6216 0.651051 0.171171 0.974775 0.181381 )
n03877845_2265.JPEG(39.6916 9.96946 0.816766 0.300599 0.44012 0.0532934 43.3952 0.129341 1.82036 0.0784431 3.05509 0.249701 )
n03877845_2277.JPEG(46.4548 13.7115 10.3258 0.112809 3.82382 0.0759551 9.69528 12.8454 1.48989 0.0804494 1.2418 0.142472 )
n03877845_2283.JPEG(60.848 31.8991 2.12613 0.80961 0.356156 0.285886 1.11892 1.03303 0.224024 0.184384 0.126727 0.987988 )
n03877845_2285.JPEG(11.647 20.6319 2.73675 17.5325 1.78554 1.65542 6.00602 32.6205 0.762048 0.660241 1.77952 2.18253 )
n03877845_2313.JPEG(36.207 19.7681 9.43642 24.7272 4.65431 0.13099 2.68562 0.382748 0.495847 0.0408946 0.878594 0.592332 )
n03877845_2317.JPEG(47.4592 1.36907 4.5104 0.0896 2.024 0.0426667 39.7376 0.0698667 1.39787 0.0368 3.08213 0.1808 )
n03877845_2320.JPEG(48.2544 26.6507 10.5536 1.9824 2.56853 0.168 5.52267 0.4816 1.8032 0.216533 1.688 0.1104 )
n03877845_234.JPEG(35.2859 21.0173 4.17696 1.56103 6.12132 0.48141 24.8005 4.77367 0.381834 0.372101 0.538311 0.489646 )
n03877845_2342.JPEG(62.9012 3.27589 0.113767 0 0.176238 0 18.9468 0.0380918 3.16923 0 11.3788 0 )
n03877845_2364.JPEG(14.6834 0.266307 31.2656 0.0754819 6.66022 0.0390131 35.8251 10.4699 0.33246 0.00254434 0.379106 0.000848112 )
n03877845_2376.JPEG(49.7778 28.5297 10.5201 2.55676 3.32312 2.16276 2.09369 0.0960961 0.377778 0.0456456 0.422222 0.0942943 )
n03877845_2377.JPEG(39.1044 0.501657 5.14088 0.0712707 6.07624 0.179006 42.6376 1.94807 2.02707 0.0944751 2.13591 0.0834254 )
n03877845_2389.JPEG(17.435 24.9497 3.12238 1.94545 1.21958 0.0405594 38.9175 0.320979 2.87133 0.674825 3.39091 5.11189 )
n03877845_2392.JPEG(25.5664 10.9021 10.3994 20.2937 1.47808 0.0138138 26.0066 0.0384384 0.910511 0.021021 1.83303 2.53694 )
n03877845_2394.JPEG(31.9861 5.17538 0.82668 0.834406 0.0298738 0 43.4525 13.2547 3.17126 0.000515066 1.25779 0.0108164 )
n03877845_2408.JPEG(34.2751 4.37852 9.23476 13.8504 1.05886 0.640947 33.9374 0.578799 0.506098 0.0527674 1.01548 0.470919 )
n03877845_2422.JPEG(0.896096 0.740541 0.314715 0.437237 1.51231 0.821622 88.4228 2.47688 3.38378 0.312312 0.568168 0.113514 )
n03877845_2423.JPEG(29.8294 9.90871 8.87688 1.62042 22.8937 1.81922 20.9141 0.467868 0.64024 0.122523 1.19279 1.71411 )
n03877845_2448.JPEG(77.7319 2.038 1.85607 0.470535 2.17193 0 5.15041 0.00770398 2.32601 0.00237045 8.23555 0.00948182 )
n03877845_2454.JPEG(9.92045 3.47337 16.8159 10.7179 8.66338 0.324129 46.4569 0.39645 1.08744 0.0466798 1.1499 0.947403 )
n03877845_2457.JPEG(37.5093 0.1376 7.904 0.00373333 10.3531 0.000533333 39.52 0.729067 1.976 0 1.864 0.00266667 )
n03877845_2503.JPEG(13.4181 4.53867 3.06773 27.2555 0.36 0.0346667 30.4501 0.1088 19.5872 0.0506667 1.0528 0.0757333 )
n03877845_2504.JPEG(42.6593 2.44153 2.92034 0.171186 1.76186 0.0440678 39.9593 9.60508 0.266949 0.0186441 0.147458 0.00423729 )
n03877845_251.JPEG(12.8352 2.01022 19.8124 0.55409 7.57792 1.08179 19.0007 31.0579 2.2011 0.705392 1.86057 1.30277 )
n03877845_2515.JPEG(3.538 90.61 0.9324 2.6528 0.1728 0.1356 0.0924 0.172 0.112 0.1912 0.1672 1.2236 )
n03877845_2523.JPEG(5.0535 0.0045 20.8995 0.978 15.5475 1.1175 50.3665 4.3195 0.662 0.032 1.0175 0.002 )
n03877845_2558.JPEG(28.5904 0.1952 3.93227 0.144 5.14933 0.0853333 21.9147 31.2256 4.05493 0.111467 4.2576 0.3392 )
n03877845_2560.JPEG(31.7112 6.30942 3.38723 1.2766 2.39088 0.386626 34.3343 3.17751 7.09301 2.80912 6.49058 0.633435 )
n03877845_2570.JPEG(49.8023 22.102 3.28718 0.507692 1.06439 0.0433048 18.5242 0.148718 3.01937 0.0547009 1.30997 0.136182 )
n03877845_2573.JPEG(51.5878 15.517 4.87529 2.23964 0.938638 0.390946 2.42543 19.8857 0.236504 0.267392 0.757457 0.878244 )
n03877845_2588.JPEG(22.4533 0.234133 7.7936 4.54293 7.1088 0.08 54.0507 0.24 1.73707 0.0853333 1.5584 0.115733 )
n03877845_2610.JPEG(42.927 0.057037 9.66074 0.983704 6.22556 0.0903704 29.8219 0.164815 3.22333 0.00259259 6.82963 0.0133333 )
n03877845_2651.JPEG(35.2571 20.9173 2.8816 0.9936 2.26827 0.102933 35.0811 0.154133 0.848533 0.0341333 0.9568 0.504533 )
n03877845_2671.JPEG(81.0418 6.91701 0.991045 0.701493 1.32955 0.223881 3.85433 0.876418 1.21254 0.393433 2.11284 0.345672 )
n03877845_2708.JPEG(3.0341 18.6486 0.337572 0.0179191 0.178613 0.00115607 0.378035 50.1445 2.10058 24.0029 1.01156 0.144509 )
n03877845_2763.JPEG(40.4647 18.881 10.6725 2.68822 2.42296 0.0719033 7.00906 0.532931 9.7994 0.987915 6.14139 0.328097 )
n03877845_2771.JPEG(44.3132 8.54192 3.5994 0.879641 0.41497 0.0592814 8.24671 30.8168 0.4 0.0892216 1.54491 1.09401 )
n03877845_2774.JPEG(33.8498 0.409861 28.0329 7.40549 9.07854 0.185 17.1436 0.114861 1.09264 0.0385417 1.38493 1.26382 )
n03877845_2783.JPEG(50.301 0.943151 14.6957 1.62534 6.02454 0.287002 25.3824 0.164788 0.306536 0.00150263 0.214876 0.0530929 )
n03877845_2823.JPEG(35.8162 0.877708 21.1698 9.4123 11.3704 1.40391 16.2488 0.0880503 1.47589 0.0244584 2.03634 0.0761705 )
n03877845_2839.JPEG(64.9724 1.03516 14.6452 0.0637363 1.8022 0.0131868 15.9237 0.88383 0.214129 0.000627943 0.432339 0.0135008 )
n03877845_2842.JPEG(21.6539 0.421456 15.4598 4.6871 4.66794 0.332056 20.6897 13.0779 9.94253 0.0255428 9.04215 0 )
n03877845_2871.JPEG(59.9397 15.5333 0.197867 0.000533333 0.0922667 0.000533333 6.63947 0.0101333 7.904 0.0469333 9.56747 0.0677333 )
n03877845_2879.JPEG(20.7626 0.212121 17.2879 0.00505051 7.43434 0.00252525 53.0909 0.454545 0.535354 0.103535 0.0757576 0.0353535 )
n03877845_2891.JPEG(61.2781 13.3586 2.04925 0.0432432 1.15976 0.00600601 17.8252 0.0744745 1.27628 0.00960961 2.71712 0.202402 )
n03877845_2894.JPEG(61.4562 9.82314 0.688632 0.474986 0.486747 0.110416 1.28906 24.1044 0.361957 0.0597816 1.00551 0.139164 )
n03877845_2900.JPEG(46.5986 0.754338 20.1607 0.339269 4.53927 0.0356164 23.9498 0.228767 1.9411 0.00776256 1.27808 0.166667 )
n03877845_2905.JPEG(21.4506 3.5477 13.5149 0.0287356 23.5776 0.0109195 34.177 0.158046 0.844253 0.163793 1.69828 0.828161 )
n03877845_2912.JPEG(16.9146 9.4197 12.8531 1.19045 15.8376 0.675821 33.1194 2.07403 2.40896 0.967164 2.45433 2.08478 )
n03877845_2917.JPEG(27.2059 1.37013 24.416 0.0245333 5.0672 0.0933333 21.7845 10.6507 5.7392 0.04 3.38827 0.220267 )
n03877845_2939.JPEG(43.0523 11.6389 4.3952 0.982933 3.58613 0.201067 32.5397 0.276267 1.2768 0.216 1.22027 0.6144 )
n03877845_2965.JPEG(43.704 14.017 10.6334 4.25146 4.70928 0.34695 6.16499 13.7846 1.0366 0.0870027 1.03873 0.225995 )
n03877845_2976.JPEG(23.3218 0.918981 28.2546 2.76157 17.4213 0.363426 21.162 0.138889 2.99074 0.0393519 2.61574 0.0115741 )
n03877845_298.JPEG(2.22941 0.90925 12.5896 6.09372 9.87935 2.54415 13.9972 50.9967 0.620738 0.0437139 0.0874279 0.00874279 )
n03877845_2985.JPEG(64.8408 5.45405 6.26727 0.120721 1.75556 1.23964 17.2733 2.72312 0.148949 0.0126126 0.151351 0.0126126 )
n03877845_2987.JPEG(30.5909 1.43467 8.31253 9.4608 3.3168 0.376533 43.1813 0.0672 1.22347 0.00693333 2.00107 0.0277333 )
n03877845_299.JPEG(25.9832 0.0263025 1.62181 0.0101155 3.99408 0.0268833 32.6068 0.0370427 18.8265 0.0674769 16.7689 0.0308945 )
n03877845_3000.JPEG(29.7221 6.88107 22.0987 15.0859 3.9056 0.0928 19.2363 0.362667 1.29973 0.0352 1.2128 0.0672 )
n03877845_3005.JPEG(33.9596 57.6963 0.273324 0.237418 0.102222 0.0355395 3.53636 3.64664 0.210306 0.0421344 0.173667 0.0864672 )
n03877845_301.JPEG(61.5622 14.2248 1.05077 0.178328 0.863777 0.0804954 1.06316 0.294118 6.66811 0.0767802 13.592 0.345511 )
n03877845_3022.JPEG(49.7185 0.17781 7.07267 0.00872093 1.88421 0.0116279 39.2282 0.0392442 0.499031 0.00145349 0.944767 0.41376 )
n03877845_3069.JPEG(48.5772 0.657057 4.96937 0.0474474 7.53514 0.147748 10.224 26.2841 0.488889 0.0012012 0.960961 0.106907 )
n03877845_3082.JPEG(23.4571 1.64985 1.81862 0.024024 6.07147 0.0942943 52.7874 2.83964 4.15315 0.421021 6.37718 0.306306 )
n03877845_3106.JPEG(100 0 0 0 0 0 0 0 0 0 0 0 )
n03877845_312.JPEG(30.7525 9.565 3.8975 0.13 1.345 0.1 44.0075 1.7175 5.5825 0.0625 2.7475 0.0925 )
n03877845_3123.JPEG(26.5802 16.2943 2.13033 2.05225 2.10811 0.110511 45.6607 0.403003 1.14474 0.205405 2.54174 0.768769 )
n03877845_3135.JPEG(30.8245 0.0016 9.53493 0.000533333 16.8149 0 39.5024 0.0650667 1.69067 0.000533333 1.55893 0.00586667 )
n03877845_3148.JPEG(33.4931 19.5279 5.45225 6.59399 0.932132 0.262462 32.3165 0.323123 0.256456 0.177778 0.439039 0.225225 )
n03877845_3175.JPEG(15.0114 23.5531 6.18115 2.90261 1.94964 0.996678 23.7104 24.5672 0.183599 0.271026 0.384683 0.288512 )
n03877845_3177.JPEG(22.5689 11.7096 8.3515 10.785 5.07365 1.68024 20.5796 12.3395 2.9012 0.392814 2.94611 0.671856 )
n03877845_3181.JPEG(13.1206 51.417 1.05674 0.0070922 0.241844 0.00070922 0.112766 0.0304965 5.41844 18.156 1.2234 9.21489 )
n03877845_3185.JPEG(33.01 3.71628 14.8472 0.5701 14.6179 0.0870432 32.9369 0.0810631 0.0385382 0.020598 0.0591362 0.0152824 )
n03877845_3192.JPEG(39.2697 8.29007 12.0359 17.6936 0.934966 0 16.332 0 2.45878 0 2.98503 0 )
n03877845_3233.JPEG(28.7291 63.0739 3.18679 2.37538 0.421021 0.039039 0.711111 0.0702703 0.393393 0.0672673 0.233033 0.6997 )
n03877845_3237.JPEG(24.1447 2.16081 18.7014 1.1562 19.0974 0.130836 24.1193 9.67435 0.419597 0.0322767 0.318156 0.0449568 )
n03877845_3240.JPEG(21.3017 4.53512 18.1612 17.8874 9.53512 2.54649 18.3936 2.89773 2.40186 0.433884 1.73037 0.17562 )
n03877845_3259.JPEG(18.0347 3.83893 3.2144 0.836267 4.15253 2.45227 22.8043 34.9968 2.5648 0.911467 3.3872 2.8064 )
n03877845_3274.JPEG(10.6943 0.377778 17.0517 0.435435 16.6889 0.175976 53.8492 0.202402 0.292492 0.00660661 0.20961 0.0156156 )
n03877845_3291.JPEG(47.7072 25.6661 2.15467 0.0901333 2.52693 0.0112 16.5995 0.0261333 1.5616 0.0186667 3.3104 0.327467 )
n03877845_3292.JPEG(29.2587 3.74688 6.96298 14.7879 2.21919 0.00745985 33.5551 0.0517669 5.62043 0.0219274 3.70506 0.0626175 )
n03877845_3298.JPEG(22.3739 0.563184 9.52258 0.00182482 14.8408 0.00843978 40.0557 5.87089 3.18773 0.628193 2.51186 0.434991 )
n03877845_3306.JPEG(3.49433 94.7606 0.139104 0.0567164 0.0877612 0.0101493 0.0734328 0.0423881 0.124776 0.0519403 0.174328 0.984478 )
n03877845_3315.JPEG(28.809 19.0605 2.33653 0.309581 1.16946 0.132335 17.0886 19.5198 2.98204 0.373054 7.8988 0.320359 )
n03877845_3321.JPEG(46.6387 2.71965 5.0563 1.56481 2.539 0.232258 28.4158 0.592962 6.24868 0.578299 3.54721 1.86628 )
